2 0.327476 0.417098 0.079009 0.138519
2 0.415330 0.427592 0.075472 0.159507
2 0.316863 0.577655 0.081368 0.144816
2 0.244929 0.720371 0.079009 0.115433
2 0.244340 0.578704 0.073113 0.138519
2 0.221934 0.494753 0.056604 0.113334
2 0.179481 0.694137 0.073113 0.142717
2 0.167689 0.860989 0.075472 0.123828
2 0.261439 0.370925 0.069575 0.138519
2 0.162972 0.459074 0.075472 0.130124
2 0.093986 0.641667 0.071934 0.117531
2 0.254953 0.823211 0.084906 0.140618
2 0.219575 0.906113 0.066038 0.146914
2 0.340448 0.692038 0.086085 0.121729
2 0.116981 0.801174 0.073113 0.117531
2 0.200118 0.286974 0.076651 0.117531
2 0.319222 0.229258 0.069575 0.128025
2 0.556840 0.095986 0.084906 0.096544
2 0.530307 0.217715 0.071934 0.096544
2 0.582193 0.302715 0.062500 0.144816
2 0.766745 0.549321 0.084906 0.130124
2 0.729009 0.741359 0.061321 0.123828
2 0.652948 0.574507 0.079009 0.121729
2 0.754953 0.284875 0.084906 0.113334
2 0.831604 0.265986 0.087264 0.176297
2 0.761439 0.161048 0.071934 0.096544
2 0.664741 0.344691 0.083726 0.161606
2 0.625825 0.441234 0.109670 0.190989
2 0.566863 0.577655 0.088443 0.107038
2 0.431840 0.206171 0.089623 0.157408
2 0.414741 0.312160 0.093160 0.134322
2 0.648821 0.186233 0.075472 0.134322
2 0.530307 0.415000 0.079009 0.138519
2 0.684198 0.074998 0.061321 0.130124
2 0.809198 0.076047 0.108491 0.149013
2 0.851061 0.842100 0.088443 0.123828
2 0.741391 0.945990 0.057783 0.096544
2 0.640566 0.880928 0.070755 0.138519
2 0.665330 0.732964 0.058962 0.119630
2 0.770283 0.658458 0.068396 0.146914