2 0.163170 0.346870 0.318105 0.223350
2 0.444050 0.197124 0.266215 0.167513
2 0.506091 0.362098 0.209814 0.108291
2 0.357191 0.462775 0.250423 0.069374
2 0.691089 0.690355 0.173717 0.142132
2 0.415849 0.660745 0.241399 0.120135
2 0.176706 0.565990 0.160180 0.123519
2 0.630175 0.444162 0.259447 0.082910
2 0.826452 0.395939 0.106035 0.203046
2 0.927327 0.472927 0.145346 0.167513
2 0.612126 0.543147 0.272984 0.060914
2 0.457586 0.799492 0.148900 0.089679
2 0.691089 0.770728 0.232375 0.113367
2 0.259052 0.719120 0.184997 0.138748
2 0.719289 0.263113 0.126340 0.133672