2 0.595206 0.467005 0.676819 0.663283
2 0.518500 0.608291 0.144388 0.140440
2 0.658376 0.616751 0.054146 0.164129
2 0.795995 0.554992 0.234631 0.104907
2 0.745234 0.234349 0.101523 0.065990
2 0.512860 0.426396 0.097011 0.067682
2 0.424873 0.423012 0.074450 0.033841
2 0.759898 0.347716 0.067682 0.052453
2 0.869317 0.360406 0.065426 0.043993
2 0.583926 0.467851 0.049633 0.076142
2 0.466610 0.248731 0.103779 0.111675
2 0.585054 0.174281 0.047377 0.043993
2 0.292893 0.674281 0.058658 0.038917
2 0.494811 0.749577 0.060914 0.040609
2 0.366215 0.698816 0.110547 0.020305
2 0.733954 0.630288 0.074450 0.059222