2 0.350472 0.558313 0.134434 0.218444
2 0.480778 0.630511 0.090802 0.166610
2 0.551533 0.494446 0.145047 0.168461
2 0.450708 0.425951 0.155660 0.168461
2 0.399410 0.803600 0.057783 0.061090
2 0.424175 0.850806 0.147406 0.225849
2 0.655896 0.889681 0.141509 0.174014
2 0.612854 0.684196 0.119104 0.166610
2 0.529717 0.827665 0.108491 0.142544
2 0.791509 0.797120 0.073113 0.125883
2 0.717807 0.262119 0.423349 0.399863
2 0.123467 0.565718 0.095519 0.055537
2 0.151769 0.713816 0.093160 0.262873
2 0.129953 0.372266 0.099057 0.175866
2 0.529717 0.256565 0.094340 0.170312